4 0 0 5 0 0 0 73
313 205 316 198 318 194 323 185 326 181 340 168 346 162 373 147 385 140 414 130 425 126 448 123 456 122 471 122 474 122 483 124 487 126 495 132 497 134 500 139 501 141 503 144 503 145 504 148 505 149 505 151 506 152 509 154 510 155 516 158 518 159 527 162 530 163 537 164 541 165 551 163 554 162 568 151 575 146 596 120 604 110 628 70 636 55 658 25 666 15 675 3 700 0 703 13 704 18 704 34 704 42 704 56 704 63 702 77 700 83 696 93 694 98 692 104 690 106 688 110 686 112 684 114 683 115 679 116 677 117 670 119 667 119 660 120 656 120 648 120 644 120 634 121 629 121 
4 0 0 5 0 0 0 49
171 203 181 183 207 174 223 173 242 175 276 203 297 237 307 264 318 293 327 315 337 331 346 342 353 347 359 349 379 349 394 343 414 335 438 323 465 299 474 279 476 259 470 229 461 209 450 193 442 186 433 179 425 177 419 175 412 175 409 175 407 175 405 176 404 177 404 178 404 179 404 180 410 185 416 195 420 203 423 215 425 237 431 252 439 265 442 266 447 266 455 262 457 260 461 255 461 243 
4 0 0 5 0 0 0 44
168 287 175 298 177 300 177 301 178 301 179 300 185 286 189 273 201 221 206 193 215 140 219 121 228 97 233 90 238 86 252 80 260 78 275 75 279 75 280 75 281 75 282 76 283 76 284 78 285 80 289 89 292 94 294 101 295 118 295 135 296 152 298 157 300 161 300 162 300 163 300 165 300 166 300 168 298 173 298 177 298 180 298 186 298 184 298 182 
4 0 0 0 8252630 0 0 63
546 363 546 364 543 365 539 365 533 365 519 364 510 361 487 349 449 322 423 301 409 285 406 272 413 257 433 242 461 233 477 230 512 229 546 233 571 241 585 249 590 253 599 254 606 263 670 302 675 305 683 312 686 318 687 329 686 346 680 360 676 371 675 376 679 380 689 382 721 383 771 386 817 388 824 389 825 389 826 389 823 388 810 382 798 370 780 348 767 330 752 311 737 298 731 292 723 280 721 273 722 267 725 261 733 251 745 239 764 220 769 214 770 210 767 209 765 209 764 208 763 208 760 208 752 208 
4 0 0 15 8252630 0 0 85
530 334 530 335 530 336 531 336 534 336 543 333 562 322 578 305 587 284 587 268 581 254 573 241 565 228 556 214 555 204 559 193 571 177 576 170 578 160 577 155 580 134 580 133 562 136 541 138 521 141 517 143 517 152 527 168 551 203 601 253 625 272 627 276 626 278 611 288 574 310 564 320 559 327 559 329 560 330 577 336 590 340 598 344 602 350 604 356 609 371 620 385 628 389 630 391 627 393 601 393 556 384 524 375 489 369 465 366 444 367 432 371 425 371 405 364 373 350 347 338 307 318 275 304 250 289 244 219 243 191 247 181 247 179 247 178 252 167 260 141 261 118 258 105 245 86 230 73 209 58 200 53 195 53 185 56 173 67 151 89 144 95 139 98 137 99 136 99 136 100 
